1000
100
85
39
9
38
61
52
8
18
17
60
72
91
9
99
72
10
83
92
28
14
7
67
49
75
17
31
96
73
77
48
40
4
28
39
49
66
51
79
45
36
46
61
37
35
25
68
6
65
49
30
42
86
98
81
25
85
84
55
70
81
27
44
22
4
97
54
95
91
36
81
54
82
11
23
59
90
94
82
33
4
14
21
77
53
8
70
89
41
82
46
87
65
29
40
67
61
100
38
8
18
39
15
79
59
86
81
58
18
84
48
16
77
94
86
46
99
28
36
88
53
82
50
76
15
72
18
54
13
3
46
91
39
28
71
42
49
2
45
42
75
21
41
42
16
66
33
86
87
61
50
29
39
57
41
15
82
88
21
31
76
20
44
42
36
30
14
98
84
6
20
35
70
61
89
61
88
14
9
25
14
60
78
39
38
64
29
1
89
22
92
94
24
84
18
93
14
45
3
49
13
48
27
51
52
39
69
63
29
84
64
52
28
95
24
99
31
4
5
90
23
19
38
8
3
45
11
81
5
25
68
70
98
59
73
59
6
39
61
19
37
89
84
46
44
1
38
22
28
86
53
49
33
38
79
35
9
43
51
94
9
62
68
100
93
77
22
89
71
30
5
46
56
13
26
6
11
64
51
17
59
67
90
79
92
77
33
6
90
12
20
47
7
29
9
40
65
51
14
31
65
31
15
53
10
70
26
40
92
85
70
88
27
91
79
53
86
33
75
94
27
52
6
46
8
33
39
13
92
92
91
79
39
35
4
3
30
66
16
53
84
81
2
17
68
8
73
27
58
64
31
33
25
41
95
70
70
25
98
37
1
9
63
63
32
67
62
53
39
8
1
100
53
70
37
87
79
99
30
63
75
93
55
41
86
9
55
42
50
20
61
58
87
91
86
31
58
2
40
17
17
19
54
32
19
84
62
91
43
65
51
18
58
9
35
83
3
55
47
30
37
71
22
96
72
70
82
17
91
6
92
2
32
7
74
9
40
71
28
73
26
36
1
61
25
15
84
45
20
26
38
19
9
54
74
50
39
28
62
49
86
57
25
71
54
29
48
7
58
25
57
61
76
38
50
46
10
68
61
43
25
33
40
29
67
14
34
15
16
97
100
63
97
70
2
73
24
12
87
90
41
4
95
34
85
78
87
8
85
73
68
47
3
41
43
93
6
13
58
62
27
89
8
44
28
7
57
4
17
76
73
78
79
81
5
74
62
95
69
25
59
60
90
35
19
83
85
85
53
42
7
29
94
22
56
69
81
2
60
39
53
7
58
80
93
70
15
56
58
20
33
2
88
17
8
62
75
56
11
14
44
34
1
67
11
89
4
88
43
57
95
88
6
34
92
20
83
98
91
24
14
7
44
13
48
15
46
72
81
42
62
52
71
47
18
12
62
6
71
2
68
58
90
25
60
53
1
31
90
48
80
2
55
75
13
74
31
81
2
1
8
1
66
48
65
42
93
99
17
8
11
80
89
64
55
39
62
61
85
44
11
48
67
96
5
11
39
69
5
59
4
48
51
1
55
62
52
28
51
6
69
33
43
70
35
14
79
67
20
37
79
37
8
28
10
24
54
96
33
5
84
29
57
20
81
17
74
86
37
10
47
45
50
39
73
52
78
5
31
40
4
22
18
88
85
25
81
40
37
88
58
29
71
12
13
49
3
56
28
94
76
2
34
72
83
24
72
81
79
98
17
11
88
59
79
84
57
59
92
92
78
22
56
64
16
23
29
93
95
70
18
71
62
40
44
57
26
67
53
82
69
80
47
3
95
28
23
30
76
53
24
64
32
75
88
12
37
24
54
90
68
80
13
72
1
58
94
66
38
78
1
23
23
59
55
29
82
36
9
22
63
25
41
56
2
47
58
76
57
15
94
14
99
91
9
60
11
71
2
97
39
71
94
48
78
29
28
43
31
8
15
21
90
27
9
53
49
1
61
46
14
27
19
74
82
25
30
80
2
18
37
43
5
37
91
81
37
46
90
58
79
31
23
73
69
49
93
26
80
22
2
11
76
59
36
17
56
34
12
3
83
11
70
96
41
53
100
97
17
87
95
90
52
99
24
53
89
77
70
21
27
42
47
25
30
11
13
78
52
43
30
10
48
42
60
82
95
78
16
65
90
20
74
74
44
11
71
47
64
16
13
84
2
72
43
3
87
59
65
28
16
65
7
49
90
97
48
44
55
92
44
46
56
52
91
11
88
68
62
48
27
58
89
76
52
9
68
82
47
33
86
70
52
43
64
27
95
37
79
40
80
